TESTING

ARCHITECTURE 1
INPUT -> DENSE -> DENSE -> DENSE -> DROPOUT -> OUTPUT

HYPERPARAM SET 1: 
Dense Layers: 64, 64, 64
Dropout: 0.9
Reg Coeff: 0.0005
Initialization: Xavier

&&&&&&&&&&&
&&& REG &&&
&&&&&&&&&&&

##################################################
################### EPOCH 14 #####################
##################################################

VALID CROSS ENTROPY: 0.316034966213
VALIDATION CONFUSION MATRIX:
[[544   2   3  11   0   0  39   0   0   0]
 [  3 550   1  18   0   0   0   0   1   0]
 [  8   0 524   6  68   0  34   0   2   0]
 [ 15   6   0 582  16   0  10   0   1   0]
 [  1   2  46  25 476   0  33   0   2   0]
 [  1   0   0   0   0 528   0  19   1   6]
 [ 90   2  58  15  54   0 392   0   5   1]
 [  0   0   0   0   0   8   0 585   0  13]
 [  6   0   1   4   1   3   5   1 536   0]
 [  0   0   0   0   0   4   0  14   0 602]]
VALIDATION CLASSIFICATION RATE:0.888870320855615
TRAIN CROSS ENTROPY: 0.284104971832

&&&&&&&&&&&&
&& NO REG &&
&&&&&&&&&&&&

##################################################
################### EPOCH 16 #####################
##################################################

VALID CROSS ENTROPY: 0.351415734519
VALIDATION CONFUSION MATRIX:
[[517   2   8  14   1   0  55   0   2   0]
 [  1 558   1  11   1   0   0   0   1   0]
 [  4   1 502  12  80   0  40   0   3   0]
 [ 20   9   4 562  26   1   6   0   2   0]
 [  1   1  34  34 474   0  36   0   5   0]
 [  0   0   0   1   0 543   0   5   0   6]
 [ 87   0  34  22  48   0 416   1   9   0]
 [  0   0   0   0   0  14   0 584   0   8]
 [  3   0   0   1   1   1   2   0 549   0]
 [  0   0   0   0   0   8   0  14   0 598]]
VALIDATION CLASSIFICATION RATE:0.8861965240641712
TRAIN CROSS ENTROPY: 0.210709585287

HYPERPARAM SET 2:
Dense Layers: 512, 256, 128
Dropout: 0.8
Reg Coeff: 0.001
Initialization: Default

&&&&&&&&&&&
&&& REG &&&
&&&&&&&&&&&

##################################################
################### EPOCH 29 #####################
##################################################

VALID CROSS ENTROPY: 0.318417149292
VALIDATION CONFUSION MATRIX:
[[536   2   7   7   0   0  47   0   0   0]
 [  2 552   2  17   0   0   0   0   0   0]
 [  6   1 529   8  60   0  37   0   1   0]
 [ 12  11   1 569  24   0  13   0   0   0]
 [  1   1  58  24 461   0  39   0   1   0]
 [  0   0   0   0   0 530   0  10   1  14]
 [ 85   0  48  18  42   0 416   0   7   1]
 [  0   0   0   0   0  16   0 573   0  17]
 [  2   1   3   3   1   8   5   1 533   0]
 [  0   0   0   0   0   0   0   9   0 611]]
VALIDATION CLASSIFICATION RATE:0.8873663101604278
TRAIN CROSS ENTROPY: 0.28834705085

&&&&&&&&&&&&
&& NO REG &&
&&&&&&&&&&&&

##################################################
################### EPOCH 23 #####################
##################################################

VALID CROSS ENTROPY: 0.440477616687
VALIDATION CONFUSION MATRIX:
[[531   1   5  14   0   0  47   0   1   0]
 [  2 560   0  10   1   0   0   0   0   0]
 [ 10   0 505   9  59   0  54   0   5   0]
 [ 11   4   0 588  20   0   6   0   1   0]
 [  3   1  36  36 468   1  39   0   1   0]
 [  0   0   0   0   0 540   0   8   2   5]
 [ 79   1  28  22  40   0 440   1   6   0]
 [  0   0   0   0   0  15   0 579   2  10]
 [  2   0   0   2   0   0   3   0 550   0]
 [  0   0   0   0   0   1   0  14   0 605]]
VALIDATION CLASSIFICATION RATE:0.8967245989304813
TRAIN CROSS ENTROPY: 0.144820508911

!!!!!!!!!!!!!!!!!!!!!!!!!!!!!!!!!!!!!!!!!!!!!!!!!!!!!!!!!!!!!!!!!!!!!!!!!!!!!!!!!!!!!!!!!!!!!!!!!!!!!!!!!!!!!!!!!!!!!!!!!!!!!!!!!!!!!!!!!!!!!!!!!!!!!!!!!!!!!!!!!!!!!!!!!!!!!!!!!!!!!!!!!

ARCHITECTURE 2
INPUT -> DENSE -> DROPOUT -> DENSE -> DROPOUT -> DENSE -> DROPOUT -> DENSE -> DROPOUT -> OUTPUT

HYPERPARAM SET 1: 
Dense Layers: 64, 64, 64, 64
Dropout: 0.9
Reg Coeff: 0.0005
Initialization: Xavier

&&&&&&&&&&&
&&& REG &&&
&&&&&&&&&&&

VALID CROSS ENTROPY: 0.365438050725
VALIDATION CONFUSION MATRIX:
[[511   0   3  21   1   0  61   0   2   0]
 [  4 546   2  20   0   0   1   0   0   0]
 [  5   0 518   7  71   0  32   0   9   0]
 [ 13   4   2 568  31   0   9   0   3   0]
 [  1   1  60  21 471   0  28   0   3   0]
 [  0   0   0   0   0 524   0  17   3  11]
 [ 89   0  60  15  72   0 369   0  11   1]
 [  0   0   0   0   0   9   0 584   1  12]
 [  1   0   3   3   1   4   4   1 540   0]
 [  0   0   0   0   0  10   0  17   0 593]]
VALIDATION CLASSIFICATION RATE:0.8729946524064172
TRAIN CROSS ENTROPY: 0.351019889218

&&&&&&&&&&&&
&& NO REG &&
&&&&&&&&&&&&

##################################################
################### EPOCH 57 #####################
##################################################

VALID CROSS ENTROPY: 0.497852316325
VALIDATION CONFUSION MATRIX:
[[523   1   5   9   2   0  54   1   4   0]
 [  0 555   1  14   2   1   0   0   0   0]
 [ 12   0 544   6  43   0  35   0   2   0]
 [ 14   4   5 579  17   0   8   0   2   1]
 [  1   2  55  30 458   0  35   0   4   0]
 [  0   0   0   0   0 535   0  12   0   8]
 [ 84   1  39  21  43   0 419   1   9   0]
 [  0   0   0   0   0   8   0 592   0   6]
 [  3   0   0   2   1   4   1   2 543   1]
 [  0   0   0   0   0   3   0  16   0 601]]
VALIDATION CLASSIFICATION RATE:0.8938836898395722
TRAIN CROSS ENTROPY: 0.130320643492
BEST FOUND

HYPERPARAM SET 2:
Dense Layers: 512, 256, 128, 64
Dropout: 0.8
Reg Coeff: 0.001
Initialization: Default

&&&&&&&&&&&
&&& REG &&&
&&&&&&&&&&&

VALID CROSS ENTROPY: 0.352583101806
VALIDATION CONFUSION MATRIX:
[[533   0   3  15   0   0  48   0   0   0]
 [  2 551   0  19   0   0   1   0   0   0]
 [  9   0 516  12  69   0  29   0   7   0]
 [ 21   3   1 581  14   0   9   0   1   0]
 [  1   1  62  47 445   0  28   0   1   0]
 [  0   0   0   0   0 521   1  17   4  12]
 [110   0  62  24  52   0 361   0   7   1]
 [  0   0   0   0   0  13   0 581   1  11]
 [  4   0   1   4   0   2   5   1 540   0]
 [  0   0   0   0   0   2   0  15   0 603]]
VALIDATION CLASSIFICATION RATE:0.8743315508021391
TRAIN CROSS ENTROPY: 0.362227852334

&&&&&&&&&&&&
&& NO REG &&
&&&&&&&&&&&&

VALID CROSS ENTROPY: 0.524782720595
VALIDATION CONFUSION MATRIX:
[[534   0   7  18   1   0  39   0   0   0]
 [  2 555   1  13   1   0   1   0   0   0]
 [  9   0 540   8  49   0  34   0   2   0]
 [ 14   2   1 587  19   0   7   0   0   0]
 [  3   0  47  38 460   0  34   0   3   0]
 [  0   0   0   0   0 536   0  12   1   6]
 [ 88   0  39  25  40   0 417   0   8   0]
 [  0   0   0   0   0   8   0 591   0   7]
 [  3   0   0   2   4   2   3   0 543   0]
 [  0   0   0   0   0   4   0  21   0 595]]
VALIDATION CLASSIFICATION RATE:0.8953877005347594
TRAIN CROSS ENTROPY: 0.119192558133
